filename =  /Users/jdeng/baiduCloudDisk/LAMOST/ana/outputs/run1_20171205/20160101/bias/rb-01r-20160101174212-clusterClass.dat_cluster_display_image1_Cluster31_np242_sumpV_145871.txt
data_type =  rb , det =  01r , time_stamp =  20160101174212
image mean =  0.0 image sstd =  12.2
image_index =  1
cluster_index =  31
pixels : 
0  	:   3756,   2777,     90
1  	:   3757,   2776,     41
2  	:   3758,   2776,     50
3  	:   3757,   2777,    241
4  	:   3758,   2777,    152
5  	:   3757,   2778,    402
6  	:   3756,   2778,    102
7  	:   3756,   2779,     67
8  	:   3757,   2779,    296
9  	:   3758,   2778,    379
10  	:   3759,   2778,     91
11  	:   3758,   2779,    493
12  	:   3759,   2779,    257
13  	:   3760,   2779,     63
14  	:   3759,   2780,    288
15  	:   3758,   2780,    358
16  	:   3757,   2780,    146
17  	:   3758,   2781,    149
18  	:   3759,   2781,    353
19  	:   3760,   2780,    111
20  	:   3760,   2781,    255
21  	:   3761,   2781,     94
22  	:   3760,   2782,    431
23  	:   3759,   2782,    242
24  	:   3758,   2782,     77
25  	:   3759,   2783,     97
26  	:   3760,   2783,    330
27  	:   3761,   2782,    193
28  	:   3762,   2782,     42
29  	:   3761,   2783,    322
30  	:   3762,   2783,    121
31  	:   3761,   2784,    399
32  	:   3760,   2784,    184
33  	:   3759,   2784,     51
34  	:   3760,   2785,     69
35  	:   3761,   2785,    263
36  	:   3762,   2784,    232
37  	:   3763,   2784,     49
38  	:   3762,   2785,    392
39  	:   3763,   2785,    160
40  	:   3764,   2785,     43
41  	:   3763,   2786,    380
42  	:   3762,   2786,    346
43  	:   3761,   2786,    129
44  	:   3761,   2787,     62
45  	:   3762,   2787,    242
46  	:   3763,   2787,    588
47  	:   3764,   2786,    113
48  	:   3764,   2787,    350
49  	:   3765,   2787,     67
50  	:   3764,   2788,    504
51  	:   3763,   2788,    392
52  	:   3762,   2788,    122
53  	:   3762,   2789,     40
54  	:   3763,   2789,    249
55  	:   3764,   2789,   1183
56  	:   3765,   2788,    286
57  	:   3766,   2788,     86
58  	:   3765,   2789,   1475
59  	:   3766,   2789,    325
60  	:   3767,   2789,     54
61  	:   3766,   2790,    614
62  	:   3765,   2790,   2145
63  	:   3764,   2790,   1349
64  	:   3763,   2790,    209
65  	:   3763,   2791,     73
66  	:   3764,   2791,    389
67  	:   3765,   2791,    935
68  	:   3766,   2791,    942
69  	:   3767,   2790,    134
70  	:   3767,   2791,    165
71  	:   3768,   2791,     37
72  	:   3767,   2792,    394
73  	:   3766,   2792,    632
74  	:   3765,   2792,    262
75  	:   3764,   2792,     60
76  	:   3765,   2793,     61
77  	:   3766,   2793,    225
78  	:   3767,   2793,    471
79  	:   3768,   2792,     59
80  	:   3768,   2793,    237
81  	:   3769,   2793,     46
82  	:   3768,   2794,    653
83  	:   3767,   2794,    519
84  	:   3766,   2794,     66
85  	:   3767,   2795,    183
86  	:   3768,   2795,    653
87  	:   3769,   2794,    129
88  	:   3769,   2795,    352
89  	:   3768,   2796,    313
90  	:   3767,   2796,     44
91  	:   3768,   2797,    105
92  	:   3769,   2796,    763
93  	:   3770,   2796,    183
94  	:   3769,   2797,    593
95  	:   3770,   2797,    848
96  	:   3771,   2797,     85
97  	:   3770,   2798,   1222
98  	:   3769,   2798,    246
99  	:   3769,   2799,     62
100  	:   3770,   2799,    756
101  	:   3771,   2798,    532
102  	:   3771,   2799,   1324
103  	:   3772,   2799,    113
104  	:   3771,   2800,    695
105  	:   3770,   2800,     92
106  	:   3771,   2801,    145
107  	:   3772,   2800,    427
108  	:   3772,   2801,    910
109  	:   3773,   2801,    160
110  	:   3772,   2802,    367
111  	:   3773,   2802,    600
112  	:   3773,   2803,    436
113  	:   3774,   2803,    322
114  	:   3773,   2804,    146
115  	:   3774,   2804,   1175
116  	:   3775,   2804,     95
117  	:   3774,   2805,    472
118  	:   3775,   2805,    929
119  	:   3775,   2806,   1137
120  	:   3776,   2806,    349
121  	:   3775,   2807,    175
122  	:   3776,   2807,   1127
123  	:   3777,   2807,     44
124  	:   3776,   2808,    512
125  	:   3777,   2808,    653
126  	:   3776,   2809,     44
127  	:   3777,   2809,    669
128  	:   3778,   2809,    138
129  	:   3777,   2810,    164
130  	:   3778,   2810,    905
131  	:   3778,   2811,    430
132  	:   3779,   2811,    382
133  	:   3779,   2812,    521
134  	:   3780,   2812,     58
135  	:   3779,   2813,    152
136  	:   3780,   2813,    506
137  	:   3780,   2814,    525
138  	:   3781,   2814,    389
139  	:   3780,   2815,    390
140  	:   3781,   2815,   2354
141  	:   3782,   2815,    220
142  	:   3781,   2816,   8226
143  	:   3780,   2816,   2408
144  	:   3781,   2817,    191
145  	:   3782,   2816,   2837
146  	:   3782,   2817,   1509
147  	:   3783,   2817,    274
148  	:   3782,   2818,     62
149  	:   3783,   2818,    614
150  	:   3783,   2819,    363
151  	:   3784,   2819,    575
152  	:   3784,   2820,    683
153  	:   3785,   2820,    192
154  	:   3784,   2821,     40
155  	:   3785,   2821,    819
156  	:   3786,   2821,     43
157  	:   3785,   2822,    774
158  	:   3786,   2822,    628
159  	:   3786,   2823,   1237
160  	:   3787,   2823,    312
161  	:   3786,   2824,    334
162  	:   3787,   2824,   1011
163  	:   3787,   2825,    782
164  	:   3788,   2825,    630
165  	:   3788,   2826,   1190
166  	:   3789,   2826,     83
167  	:   3788,   2827,    574
168  	:   3789,   2827,   3279
169  	:   3789,   2828,   1861
170  	:   3790,   2828,    953
171  	:   3789,   2829,    180
172  	:   3790,   2829,   2430
173  	:   3790,   2830,    192
174  	:   3791,   2830,    498
175  	:   3791,   2831,    930
176  	:   3792,   2831,    164
177  	:   3791,   2832,     66
178  	:   3792,   2832,    809
179  	:   3792,   2833,    564
180  	:   3793,   2833,    583
181  	:   3793,   2834,    906
182  	:   3794,   2834,     79
183  	:   3793,   2835,     50
184  	:   3794,   2835,   1041
185  	:   3794,   2836,    610
186  	:   3795,   2836,    535
187  	:   3795,   2837,   1484
188  	:   3796,   2837,    387
189  	:   3795,   2838,    818
190  	:   3796,   2838,   2076
191  	:   3796,   2839,   1504
192  	:   3797,   2839,    333
193  	:   3797,   2840,   1117
194  	:   3797,   2841,    169
195  	:   3798,   2841,    392
196  	:   3798,   2842,    567
197  	:   3799,   2842,    222
198  	:   3799,   2843,    899
199  	:   3799,   2844,    498
200  	:   3800,   2844,    734
201  	:   3800,   2845,    621
202  	:   3801,   2845,     45
203  	:   3800,   2846,     38
204  	:   3801,   2846,   2254
205  	:   3801,   2847,    588
206  	:   3802,   2847,    459
207  	:   3802,   2848,   1103
208  	:   3803,   2848,     55
209  	:   3802,   2849,    114
210  	:   3803,   2849,   1622
211  	:   3803,   2850,    467
212  	:   3804,   2850,    335
213  	:   3804,   2851,   1596
214  	:   3804,   2852,     80
215  	:   3805,   2852,    685
216  	:   3805,   2853,   1069
217  	:   3806,   2853,    269
218  	:   3806,   2854,   1699
219  	:   3806,   2855,    529
220  	:   3807,   2855,    723
221  	:   3807,   2856,   1117
222  	:   3808,   2856,    333
223  	:   3808,   2857,  10299
224  	:   3808,   2858,    361
225  	:   3809,   2858,    623
226  	:   3809,   2859,   1776
227  	:   3810,   2859,     46
228  	:   3810,   2860,   2275
229  	:   3810,   2861,    330
230  	:   3811,   2861,    326
231  	:   3811,   2862,   1077
232  	:   3811,   2863,    178
233  	:   3812,   2863,    659
234  	:   3812,   2864,    836
235  	:   3813,   2864,    509
236  	:   3813,   2865,    937
237  	:   3813,   2866,    127
238  	:   3814,   2866,   1639
239  	:   3814,   2867,    917
240  	:   3815,   2867,    172
241  	:   3815,   2868,    379
number of pixels in the cluster =  242
xmin =  3756
xmax =  3815
ymin =  2776
ymax =  2868
pVmin =  37.8
pVmax =  10299.9
sumpV =  145871.0
avgpV =  602.8
correlation coefficient          =  1.0
weighted correlation coefficient =  1.0
eigen values of the covariance matrix=          [  0.69 ,  994.24 ]
weighted eigen values of the covariance matrix= [  0.24 ,  923.85 ]
