filename =  /Users/jdeng/baiduCloudDisk/LAMOST/ana/outputs/run1_20171205/20160101/bias/rb-01r-20160101174212-clusterClass.dat_cluster_display_image1_Cluster5_np220_sumpV_131353.txt
data_type =  rb , det =  01r , time_stamp =  20160101174212
image mean =  0.0 image sstd =  12.2
image_index =  1
cluster_index =  5
pixels : 
0  	:   1287,   2317,     38
1  	:   1288,   2316,    131
2  	:   1288,   2315,     68
3  	:   1289,   2314,    229
4  	:   1289,   2313,    214
5  	:   1289,   2312,    103
6  	:   1289,   2311,     39
7  	:   1290,   2310,    194
8  	:   1290,   2309,    109
9  	:   1290,   2308,     52
10  	:   1290,   2307,     45
11  	:   1291,   2306,    215
12  	:   1291,   2305,    202
13  	:   1291,   2304,     75
14  	:   1291,   2303,     45
15  	:   1292,   2302,    130
16  	:   1292,   2301,    106
17  	:   1292,   2300,     55
18  	:   1293,   2299,    297
19  	:   1293,   2298,     99
20  	:   1293,   2297,     38
21  	:   1294,   2296,    497
22  	:   1294,   2295,    234
23  	:   1294,   2294,    151
24  	:   1295,   2293,    914
25  	:   1295,   2292,    489
26  	:   1295,   2291,    301
27  	:   1295,   2290,     68
28  	:   1296,   2289,    495
29  	:   1296,   2288,    437
30  	:   1296,   2287,    415
31  	:   1296,   2286,     62
32  	:   1297,   2285,    885
33  	:   1297,   2284,    817
34  	:   1297,   2283,    298
35  	:   1298,   2282,    697
36  	:   1298,   2281,    537
37  	:   1298,   2280,    774
38  	:   1298,   2279,    226
39  	:   1298,   2278,     58
40  	:   1299,   2277,    800
41  	:   1299,   2276,    701
42  	:   1299,   2275,   1272
43  	:   1299,   2274,     40
44  	:   1300,   2273,   1127
45  	:   1300,   2272,    578
46  	:   1300,   2271,    256
47  	:   1301,   2270,   1187
48  	:   1301,   2269,   1469
49  	:   1301,   2268,   1207
50  	:   1301,   2267,    211
51  	:   1302,   2266,    446
52  	:   1302,   2265,   1345
53  	:   1302,   2264,   1039
54  	:   1302,   2263,    420
55  	:   1303,   2262,    751
56  	:   1303,   2261,   1538
57  	:   1303,   2260,    812
58  	:   1303,   2259,    580
59  	:   1304,   2258,    755
60  	:   1304,   2257,   2044
61  	:   1304,   2256,    526
62  	:   1304,   2255,    864
63  	:   1305,   2254,    958
64  	:   1305,   2253,    670
65  	:   1305,   2252,   1332
66  	:   1305,   2251,    784
67  	:   1306,   2250,   1628
68  	:   1306,   2249,   1041
69  	:   1306,   2248,    938
70  	:   1306,   2247,    542
71  	:   1307,   2246,   1315
72  	:   1307,   2245,   1836
73  	:   1307,   2244,   1031
74  	:   1307,   2243,    462
75  	:   1307,   2242,     47
76  	:   1308,   2241,    883
77  	:   1308,   2240,    764
78  	:   1308,   2239,    250
79  	:   1309,   2238,   1307
80  	:   1309,   2237,    678
81  	:   1309,   2236,   1301
82  	:   1309,   2235,    800
83  	:   1309,   2234,   1582
84  	:   1310,   2233,   1272
85  	:   1310,   2232,   1324
86  	:   1310,   2231,    470
87  	:   1311,   2230,    706
88  	:   1311,   2229,    857
89  	:   1311,   2228,    944
90  	:   1311,   2227,    379
91  	:   1312,   2226,   1227
92  	:   1312,   2225,   1909
93  	:   1312,   2224,    935
94  	:   1312,   2223,    279
95  	:   1313,   2222,   1140
96  	:   1313,   2221,   1498
97  	:   1313,   2220,   1455
98  	:   1313,   2219,    634
99  	:   1314,   2218,    994
100  	:   1314,   2217,    831
101  	:   1314,   2216,   2140
102  	:   1314,   2219,    391
103  	:   1313,   2223,    298
104  	:   1312,   2227,    778
105  	:   1311,   2231,    534
106  	:   1310,   2234,   4895
107  	:   1310,   2235,   3561
108  	:   1309,   2239,    425
109  	:   1308,   2242,   3334
110  	:   1308,   2243,   1024
111  	:   1308,   2244,     55
112  	:   1307,   2247,   1224
113  	:   1307,   2248,    102
114  	:   1306,   2251,   1030
115  	:   1306,   2252,    257
116  	:   1305,   2255,   1489
117  	:   1305,   2256,     47
118  	:   1304,   2259,   1279
119  	:   1304,   2260,    265
120  	:   1303,   2263,   1068
121  	:   1303,   2264,    201
122  	:   1302,   2267,    524
123  	:   1302,   2268,    281
124  	:   1301,   2271,    687
125  	:   1301,   2272,    181
126  	:   1301,   2273,     44
127  	:   1300,   2274,    966
128  	:   1300,   2275,   1984
129  	:   1300,   2276,    544
130  	:   1299,   2278,   1162
131  	:   1299,   2279,    629
132  	:   1299,   2280,    442
133  	:   1299,   2281,     38
134  	:   1298,   2283,    650
135  	:   1298,   2284,    402
136  	:   1298,   2285,     88
137  	:   1297,   2286,   1019
138  	:   1297,   2287,   1094
139  	:   1297,   2288,    304
140  	:   1297,   2289,     66
141  	:   1296,   2290,    839
142  	:   1296,   2291,    746
143  	:   1296,   2292,    253
144  	:   1296,   2293,    151
145  	:   1295,   2294,   1299
146  	:   1296,   2294,     38
147  	:   1295,   2295,    549
148  	:   1295,   2296,    300
149  	:   1294,   2297,    495
150  	:   1295,   2297,    128
151  	:   1294,   2298,    589
152  	:   1295,   2298,     57
153  	:   1294,   2299,    575
154  	:   1295,   2299,     41
155  	:   1294,   2300,    531
156  	:   1293,   2300,    723
157  	:   1293,   2301,    985
158  	:   1294,   2301,    395
159  	:   1293,   2302,    521
160  	:   1294,   2302,    120
161  	:   1293,   2303,    525
162  	:   1292,   2303,    261
163  	:   1292,   2304,    629
164  	:   1293,   2304,    492
165  	:   1294,   2303,     93
166  	:   1294,   2304,     51
167  	:   1293,   2305,    400
168  	:   1292,   2305,    968
169  	:   1292,   2306,    772
170  	:   1293,   2306,    284
171  	:   1294,   2305,     47
172  	:   1292,   2307,    485
173  	:   1291,   2307,    237
174  	:   1291,   2308,    272
175  	:   1292,   2308,    292
176  	:   1293,   2307,    103
177  	:   1291,   2309,    447
178  	:   1292,   2309,    215
179  	:   1291,   2310,    555
180  	:   1292,   2310,    164
181  	:   1291,   2311,    486
182  	:   1290,   2311,    359
183  	:   1290,   2312,    534
184  	:   1291,   2312,    471
185  	:   1292,   2311,    101
186  	:   1292,   2312,     83
187  	:   1291,   2313,    487
188  	:   1290,   2313,   1035
189  	:   1290,   2314,    684
190  	:   1291,   2314,    257
191  	:   1292,   2313,     62
192  	:   1290,   2315,    463
193  	:   1289,   2315,    343
194  	:   1289,   2316,    602
195  	:   1290,   2316,    588
196  	:   1291,   2315,    154
197  	:   1291,   2316,    103
198  	:   1290,   2317,    434
199  	:   1289,   2317,    632
200  	:   1288,   2317,    189
201  	:   1288,   2318,    201
202  	:   1289,   2318,    550
203  	:   1290,   2318,    213
204  	:   1291,   2317,     60
205  	:   1291,   2318,     38
206  	:   1290,   2319,    103
207  	:   1289,   2319,    363
208  	:   1288,   2319,    196
209  	:   1287,   2320,     38
210  	:   1288,   2320,    218
211  	:   1289,   2320,    220
212  	:   1290,   2320,     41
213  	:   1289,   2321,    241
214  	:   1288,   2321,    293
215  	:   1287,   2321,     81
216  	:   1287,   2322,     43
217  	:   1288,   2322,    190
218  	:   1289,   2322,     91
219  	:   1288,   2323,     50
number of pixels in the cluster =  220
xmin =  1287
xmax =  1314
ymin =  2216
ymax =  2323
pVmin =  38.6
pVmax =  4895.9
sumpV =  131354.0
avgpV =  597.1
correlation coefficient          =  -1.0
weighted correlation coefficient =  -1.0
eigen values of the covariance matrix=          [  0.55 ,  1014.94 ]
weighted eigen values of the covariance matrix= [  0.18 ,  975.01 ]
