filename =  /Users/jdeng/baiduCloudDisk/LAMOST/ana/outputs/run1_20171205/20160101/bias/rb-01r-20160101174212-clusterClass.dat_cluster_display_image4_Cluster25_np86_w_eigVal_1_90.7.txt
data_type =  rb , det =  01r , time_stamp =  20160101174212
image mean =  0.0 image sstd =  12.2
image_index =  4
cluster_index =  25
pixels : 
0  	:   3342,   2195,     61
1  	:   3343,   2194,     98
2  	:   3344,   2193,     96
3  	:   3344,   2192,     43
4  	:   3345,   2191,    106
5  	:   3346,   2190,    396
6  	:   3346,   2189,     67
7  	:   3347,   2188,    853
8  	:   3347,   2187,    102
9  	:   3348,   2186,    346
10  	:   3348,   2185,    577
11  	:   3348,   2184,    122
12  	:   3349,   2183,     90
13  	:   3350,   2182,   1340
14  	:   3349,   2181,    135
15  	:   3348,   2180,    126
16  	:   3349,   2180,    250
17  	:   3348,   2181,     70
18  	:   3350,   2181,    208
19  	:   3351,   2180,   1301
20  	:   3351,   2179,    590
21  	:   3352,   2178,    583
22  	:   3352,   2177,    234
23  	:   3353,   2176,    961
24  	:   3353,   2175,    236
25  	:   3354,   2174,   2691
26  	:   3354,   2173,    816
27  	:   3355,   2172,   2063
28  	:   3355,   2171,    729
29  	:   3355,   2170,     68
30  	:   3356,   2169,   1169
31  	:   3356,   2168,    123
32  	:   3357,   2167,    724
33  	:   3357,   2166,    805
34  	:   3358,   2166,     52
35  	:   3357,   2168,    487
36  	:   3356,   2170,   1907
37  	:   3356,   2171,     56
38  	:   3355,   2173,     76
39  	:   3354,   2175,    239
40  	:   3353,   2177,    652
41  	:   3352,   2179,    989
42  	:   3352,   2180,    199
43  	:   3351,   2181,   1051
44  	:   3351,   2182,    195
45  	:   3350,   2183,   1515
46  	:   3349,   2184,   4642
47  	:   3350,   2184,    303
48  	:   3349,   2185,   9305
49  	:   3350,   2185,     80
50  	:   3349,   2186,    246
51  	:   3348,   2187,   1189
52  	:   3349,   2187,     39
53  	:   3348,   2188,   1129
54  	:   3347,   2189,    740
55  	:   3348,   2189,    169
56  	:   3347,   2190,    502
57  	:   3346,   2191,    971
58  	:   3347,   2191,    383
59  	:   3346,   2192,    568
60  	:   3345,   2192,    243
61  	:   3345,   2193,    387
62  	:   3346,   2193,    240
63  	:   3347,   2192,     96
64  	:   3347,   2193,     37
65  	:   3346,   2194,    115
66  	:   3345,   2194,    489
67  	:   3344,   2194,    372
68  	:   3343,   2195,    364
69  	:   3344,   2195,   1229
70  	:   3345,   2195,    776
71  	:   3346,   2195,    132
72  	:   3345,   2196,    783
73  	:   3344,   2196,   1970
74  	:   3343,   2196,    830
75  	:   3342,   2196,    116
76  	:   3342,   2197,     95
77  	:   3343,   2197,    606
78  	:   3344,   2197,   1076
79  	:   3345,   2197,    350
80  	:   3346,   2196,    115
81  	:   3346,   2197,     60
82  	:   3345,   2198,     79
83  	:   3344,   2198,    184
84  	:   3343,   2198,    129
85  	:   3342,   2198,     37
number of pixels in the cluster =  86
xmin =  3342
xmax =  3358
ymin =  2166
ymax =  2198
pVmin =  37.4
pVmax =  9305.3
sumpV =  56810.6
avgpV =  660.6
correlation coefficient          =  -0.97
weighted correlation coefficient =  -0.99
eigen values of the covariance matrix=          [  0.95 ,  106.0 ]
weighted eigen values of the covariance matrix= [  0.27 ,  90.65 ]
