 input list : 
x 	 y 	 pValue 
3844 	 3265 	 43
3845 	 3264 	 201
3845 	 3263 	 99
3846 	 3263 	 62
3846 	 3264 	 238
3847 	 3264 	 39
3846 	 3265 	 633
3845 	 3265 	 346
3845 	 3266 	 452
3846 	 3266 	 1522
3847 	 3265 	 212
3847 	 3266 	 498
3848 	 3266 	 52
3847 	 3267 	 563
3846 	 3267 	 1084
3845 	 3267 	 276
3845 	 3268 	 105
3846 	 3268 	 581
3847 	 3268 	 505
3848 	 3267 	 50
3848 	 3268 	 76
3847 	 3269 	 595
3846 	 3269 	 272
3846 	 3270 	 301
3847 	 3270 	 1958
3848 	 3269 	 205
3848 	 3270 	 1147
3849 	 3270 	 126
3848 	 3271 	 1501
3847 	 3271 	 1990
3846 	 3271 	 321
3846 	 3272 	 85
3847 	 3272 	 572
3848 	 3272 	 600
3849 	 3271 	 137
3849 	 3272 	 112
3848 	 3273 	 754
3847 	 3273 	 362
3846 	 3273 	 44
3847 	 3274 	 240
3848 	 3274 	 733
3849 	 3273 	 185
3849 	 3274 	 301
3848 	 3275 	 598
3847 	 3275 	 97
3847 	 3276 	 53
3848 	 3276 	 352
3849 	 3275 	 384
3850 	 3275 	 34
3849 	 3276 	 449
3850 	 3276 	 84
3849 	 3277 	 448
3848 	 3277 	 208
3848 	 3278 	 209
3849 	 3278 	 727
3850 	 3277 	 120
3850 	 3278 	 444
3851 	 3278 	 35
3850 	 3279 	 654
3849 	 3279 	 912
3848 	 3279 	 164
3848 	 3280 	 76
3849 	 3280 	 486
3850 	 3280 	 662
3851 	 3279 	 57
3851 	 3280 	 117
3850 	 3281 	 574
3849 	 3281 	 269
3849 	 3282 	 123
3850 	 3282 	 606
3851 	 3281 	 138
3851 	 3282 	 318
3852 	 3282 	 42
3851 	 3283 	 1018
3850 	 3283 	 1155
3849 	 3283 	 177
3849 	 3284 	 113
3850 	 3284 	 868
3851 	 3284 	 1088
3852 	 3283 	 115
3852 	 3284 	 136
3851 	 3285 	 508
3850 	 3285 	 265
3849 	 3285 	 35
3850 	 3286 	 143
3851 	 3286 	 602
3852 	 3285 	 183
3852 	 3286 	 261
3851 	 3287 	 458
3850 	 3287 	 62
3851 	 3288 	 400
3852 	 3287 	 436
3853 	 3287 	 67
3852 	 3288 	 703
3853 	 3288 	 125
3852 	 3289 	 889
3851 	 3289 	 329
3851 	 3290 	 160
3852 	 3290 	 566
3853 	 3289 	 263
3853 	 3290 	 355
3852 	 3291 	 380
3851 	 3291 	 65
3852 	 3292 	 252
3853 	 3291 	 376
3854 	 3291 	 58
3853 	 3292 	 373
3854 	 3292 	 69
3853 	 3293 	 433
3852 	 3293 	 163
3852 	 3294 	 99
3853 	 3294 	 473
3854 	 3293 	 164
3854 	 3294 	 270
3855 	 3294 	 37
3854 	 3295 	 362
3853 	 3295 	 376
3852 	 3295 	 48
3852 	 3296 	 39
3853 	 3296 	 293
3854 	 3296 	 642
3855 	 3295 	 37
3855 	 3296 	 171
3854 	 3297 	 888
3853 	 3297 	 221
3853 	 3298 	 109
3854 	 3298 	 596
3855 	 3297 	 322
3855 	 3298 	 353
3856 	 3298 	 59
3855 	 3299 	 499
3854 	 3299 	 423
3853 	 3299 	 63
3854 	 3300 	 294
3855 	 3300 	 647
3856 	 3299 	 77
3856 	 3300 	 157
3855 	 3301 	 917
3854 	 3301 	 255
3854 	 3302 	 135
3855 	 3302 	 643
3856 	 3301 	 381
3857 	 3301 	 36
3856 	 3302 	 348
3857 	 3302 	 40
3856 	 3303 	 417
3855 	 3303 	 322
3854 	 3303 	 43
3855 	 3304 	 286
3856 	 3304 	 748
3857 	 3303 	 84
3857 	 3304 	 237
3856 	 3305 	 1388
3855 	 3305 	 292
3855 	 3306 	 134
3856 	 3306 	 548
3857 	 3305 	 555
3858 	 3305 	 37
3857 	 3306 	 319
3858 	 3306 	 58
3857 	 3307 	 497
3856 	 3307 	 332
3855 	 3307 	 40
3855 	 3308 	 37
3856 	 3308 	 547
3857 	 3308 	 1445
3858 	 3307 	 116
3858 	 3308 	 375
3857 	 3309 	 1313
3856 	 3309 	 359
3856 	 3310 	 80
3857 	 3310 	 377
3858 	 3309 	 434
3859 	 3309 	 39
3858 	 3310 	 257
3859 	 3310 	 40
3858 	 3311 	 474
3857 	 3311 	 240
3857 	 3312 	 155
3858 	 3312 	 517
3859 	 3311 	 84
3859 	 3312 	 127
3858 	 3313 	 532
3857 	 3313 	 68
3857 	 3314 	 64
3858 	 3314 	 559
3859 	 3313 	 276
3859 	 3314 	 492
3860 	 3314 	 51
3859 	 3315 	 439
3858 	 3315 	 235
3858 	 3316 	 127
3859 	 3316 	 470
3860 	 3315 	 64
3860 	 3316 	 134
3859 	 3317 	 677
3858 	 3317 	 62
3858 	 3318 	 63
3859 	 3318 	 530
3860 	 3317 	 307
3860 	 3318 	 475
3861 	 3318 	 46
3860 	 3319 	 841
3859 	 3319 	 467
3859 	 3320 	 264
3860 	 3320 	 953
3861 	 3319 	 126
3861 	 3320 	 222
3860 	 3321 	 519
3859 	 3321 	 104
3859 	 3322 	 43
3860 	 3322 	 343
3861 	 3321 	 256
3861 	 3322 	 345
3860 	 3323 	 248
3859 	 3323 	 44
3860 	 3324 	 103
3861 	 3323 	 579
3862 	 3323 	 91
3861 	 3324 	 510
3862 	 3324 	 133
3861 	 3325 	 370
3860 	 3325 	 45
3861 	 3326 	 369
3862 	 3325 	 171
3862 	 3326 	 458
3863 	 3326 	 37
3862 	 3327 	 671
3861 	 3327 	 263
3861 	 3328 	 125
3862 	 3328 	 637
3863 	 3327 	 105
3863 	 3328 	 151
3862 	 3329 	 383
3861 	 3329 	 49
3862 	 3330 	 320
3863 	 3329 	 218
3863 	 3330 	 424
3864 	 3330 	 56
3863 	 3331 	 956
3862 	 3331 	 367
3862 	 3332 	 163
3863 	 3332 	 797
3864 	 3331 	 135
3864 	 3332 	 191
3863 	 3333 	 532
3862 	 3333 	 54
3862 	 3334 	 40
3863 	 3334 	 393
3864 	 3333 	 338
3864 	 3334 	 518
3865 	 3334 	 46
3864 	 3335 	 882
3863 	 3335 	 245
3863 	 3336 	 140
3864 	 3336 	 774
3865 	 3335 	 116
3865 	 3336 	 225
3864 	 3337 	 1290
3863 	 3337 	 65
3864 	 3338 	 466
3865 	 3337 	 762
3866 	 3337 	 39
3865 	 3338 	 671
3866 	 3338 	 47
3865 	 3339 	 682
3864 	 3339 	 153
3864 	 3340 	 94
3865 	 3340 	 819
3866 	 3339 	 95
3866 	 3340 	 238
3865 	 3341 	 814
3864 	 3341 	 49
3865 	 3342 	 357
3866 	 3341 	 524
3866 	 3342 	 594
3867 	 3342 	 36
3866 	 3343 	 738
3865 	 3343 	 147
3865 	 3344 	 67
3866 	 3344 	 730
3867 	 3343 	 104
3867 	 3344 	 240
3866 	 3345 	 874
3865 	 3345 	 46
3866 	 3346 	 583
3867 	 3345 	 689
3868 	 3345 	 43
3867 	 3346 	 1255
3868 	 3346 	 78
3867 	 3347 	 859
3866 	 3347 	 192
3866 	 3348 	 62
3867 	 3348 	 620
3868 	 3347 	 100
3868 	 3348 	 225
3867 	 3349 	 657
3868 	 3349 	 537
3867 	 3350 	 371
3868 	 3350 	 844
3867 	 3351 	 95
3868 	 3351 	 682
3869 	 3351 	 83
3868 	 3352 	 629
3867 	 3352 	 35
3868 	 3353 	 424
3869 	 3352 	 180
3869 	 3353 	 510
3868 	 3354 	 332
3869 	 3354 	 800
3870 	 3354 	 39
3869 	 3355 	 678
3868 	 3355 	 82
3869 	 3356 	 543
3870 	 3355 	 67
3870 	 3356 	 261
3869 	 3357 	 812
3870 	 3357 	 680
3869 	 3358 	 146
3870 	 3358 	 441
3869 	 3359 	 40
3870 	 3359 	 568
3871 	 3359 	 98
3870 	 3360 	 826
3871 	 3360 	 277
3870 	 3361 	 445
3871 	 3361 	 581
3870 	 3362 	 173
3871 	 3362 	 734
3870 	 3363 	 40
3871 	 3363 	 461
3872 	 3363 	 61
3871 	 3364 	 575
3872 	 3364 	 242
3871 	 3365 	 326
3872 	 3365 	 231
3871 	 3366 	 69
3872 	 3366 	 617
3871 	 3367 	 42
3872 	 3367 	 870
3873 	 3367 	 65
3872 	 3368 	 715
3873 	 3368 	 266
3872 	 3369 	 695
3873 	 3369 	 919
3872 	 3370 	 128
3873 	 3370 	 695
3873 	 3371 	 687
3874 	 3371 	 80
3873 	 3372 	 585
3874 	 3372 	 308
3875 	 3372 	 1123
3876 	 3371 	 436
3877 	 3370 	 46
3878 	 3370 	 416
3879 	 3369 	 77
3880 	 3369 	 41
3879 	 3370 	 510
3880 	 3370 	 179
3879 	 3371 	 352
3878 	 3371 	 949
3877 	 3371 	 1568
3876 	 3372 	 1353
3877 	 3372 	 408
3875 	 3373 	 412
3874 	 3373 	 1664
3873 	 3373 	 597
3873 	 3374 	 159
3874 	 3374 	 1150
3874 	 3375 	 961
3875 	 3375 	 90
3874 	 3376 	 645
3875 	 3376 	 252
3874 	 3377 	 265
3875 	 3377 	 522
3874 	 3378 	 77
3875 	 3378 	 594
3875 	 3379 	 1619
3876 	 3379 	 238
3875 	 3380 	 950
3876 	 3380 	 443
3875 	 3381 	 361
3876 	 3381 	 785
3875 	 3382 	 70
3876 	 3382 	 798
3876 	 3383 	 919
3877 	 3383 	 95
3876 	 3384 	 670
3877 	 3384 	 321
3876 	 3385 	 236
3877 	 3385 	 484
3876 	 3386 	 71
3877 	 3386 	 1010
3877 	 3387 	 1166
3878 	 3387 	 193
3877 	 3388 	 1727
3878 	 3388 	 571
3877 	 3389 	 498
3878 	 3389 	 1324
3877 	 3390 	 62
3878 	 3390 	 778
3878 	 3391 	 2218
3879 	 3391 	 358
3878 	 3392 	 1525
3879 	 3392 	 604
3878 	 3393 	 300
3879 	 3393 	 1169
3878 	 3394 	 175
3879 	 3394 	 1578
3879 	 3395 	 875
3880 	 3395 	 62
3879 	 3396 	 354
3880 	 3396 	 204
3879 	 3397 	 130
3880 	 3397 	 370
3880 	 3398 	 544
3880 	 3399 	 759
3881 	 3399 	 69
3880 	 3400 	 428
3881 	 3400 	 242
3880 	 3401 	 121
3881 	 3401 	 548
3881 	 3402 	 708
3881 	 3403 	 892
3882 	 3403 	 85
3881 	 3404 	 545
3882 	 3404 	 371
3881 	 3405 	 168
3882 	 3405 	 693
3882 	 3406 	 1309
3882 	 3407 	 563
3883 	 3407 	 82
3882 	 3408 	 451
3883 	 3408 	 380
3882 	 3409 	 176
3883 	 3409 	 725
3883 	 3410 	 795
3883 	 3411 	 539
3884 	 3411 	 68
3883 	 3412 	 661
3884 	 3412 	 585
3883 	 3413 	 184
3884 	 3413 	 883
3883 	 3414 	 62
3884 	 3414 	 1409
3884 	 3415 	 1152
3885 	 3415 	 194
3884 	 3416 	 741
3885 	 3416 	 703
3884 	 3417 	 227
3885 	 3417 	 1026
3885 	 3418 	 1340
3885 	 3419 	 763
3886 	 3419 	 92
3885 	 3420 	 354
3886 	 3420 	 429
3885 	 3421 	 139
3886 	 3421 	 660
3886 	 3422 	 758
3886 	 3423 	 681
3887 	 3423 	 102
3886 	 3424 	 360
3887 	 3424 	 435
3886 	 3425 	 94
3887 	 3425 	 655
3887 	 3426 	 1035
3887 	 3427 	 586
3888 	 3427 	 83
3887 	 3428 	 367
3888 	 3428 	 456
3887 	 3429 	 118
3888 	 3429 	 904
3888 	 3430 	 2551
3889 	 3430 	 91
3888 	 3431 	 2011
3889 	 3431 	 191
3888 	 3432 	 213
3889 	 3432 	 278
3889 	 3433 	 491
3889 	 3434 	 742
3889 	 3435 	 1430
3890 	 3435 	 336
3889 	 3436 	 265
3890 	 3436 	 341
3890 	 3437 	 465
3890 	 3438 	 1603
3891 	 3438 	 42
3890 	 3439 	 680
3891 	 3439 	 121
3890 	 3440 	 193
3891 	 3440 	 384
3890 	 3441 	 49
3891 	 3441 	 790
3891 	 3442 	 1656
3892 	 3442 	 39
3891 	 3443 	 816
3892 	 3443 	 206
3891 	 3444 	 412
3892 	 3444 	 726
3892 	 3445 	 514
3892 	 3446 	 471
3892 	 3447 	 764
3893 	 3447 	 199
3892 	 3448 	 169
3893 	 3448 	 479
3893 	 3449 	 815
3893 	 3450 	 945
3893 	 3451 	 2009
3894 	 3451 	 1104
3893 	 3452 	 1073
3894 	 3452 	 1037
3894 	 3453 	 536
3894 	 3454 	 842
3894 	 3455 	 996
3895 	 3455 	 476
3894 	 3456 	 529
3895 	 3456 	 1079
3895 	 3457 	 880
3895 	 3458 	 5359
3896 	 3458 	 168
3895 	 3459 	 1048
3896 	 3459 	 245
3895 	 3460 	 246
3896 	 3460 	 976
3896 	 3461 	 1314
3896 	 3462 	 2191
3897 	 3462 	 39
3896 	 3463 	 662
3897 	 3463 	 222
3896 	 3464 	 139
3897 	 3464 	 475
3897 	 3465 	 872
3897 	 3466 	 1923
3897 	 3467 	 310
3898 	 3467 	 106
3897 	 3468 	 563
3898 	 3468 	 2761
3897 	 3469 	 431
3898 	 3469 	 3890
3898 	 3470 	 715
3898 	 3471 	 797
3899 	 3471 	 390
3898 	 3472 	 126
3899 	 3472 	 383
3899 	 3473 	 699
3899 	 3474 	 1222
3899 	 3475 	 547
3900 	 3475 	 183
3899 	 3476 	 101
3900 	 3476 	 617
3900 	 3477 	 619
3900 	 3478 	 832
3900 	 3479 	 431
3901 	 3479 	 163
3900 	 3480 	 150
3901 	 3480 	 1051
3901 	 3481 	 1024
3901 	 3482 	 857
3901 	 3483 	 693
3902 	 3483 	 235
3901 	 3484 	 144
3902 	 3484 	 941
3902 	 3485 	 928
3902 	 3486 	 586
3902 	 3487 	 829
3903 	 3487 	 370
3902 	 3488 	 168
3903 	 3488 	 1261
3903 	 3489 	 846
3903 	 3490 	 985
3903 	 3491 	 617
3904 	 3491 	 706
3903 	 3492 	 246
3904 	 3492 	 836
3904 	 3493 	 2865
3904 	 3494 	 506
3904 	 3495 	 454
3905 	 3495 	 303
3904 	 3496 	 10059
3905 	 3496 	 2552
3905 	 3497 	 733
3905 	 3498 	 901
3905 	 3499 	 689
3906 	 3499 	 226
3905 	 3500 	 37
3906 	 3500 	 745
3906 	 3501 	 382
3906 	 3502 	 1061
3906 	 3503 	 416
3907 	 3503 	 597
3907 	 3504 	 1411
3907 	 3505 	 632
3907 	 3506 	 1617
3907 	 3507 	 446
3908 	 3507 	 353
3907 	 3508 	 38
3908 	 3508 	 1066
3908 	 3509 	 1135
3908 	 3510 	 741
3908 	 3511 	 685
3909 	 3511 	 1161
3908 	 3512 	 194
3909 	 3512 	 1740
3909 	 3513 	 1175
3909 	 3514 	 1267
3909 	 3515 	 280
3910 	 3515 	 275
3910 	 3516 	 702
3910 	 3517 	 2115
3910 	 3518 	 2709
3910 	 3519 	 279
3911 	 3519 	 227
3911 	 3520 	 779
3911 	 3521 	 886
3911 	 3522 	 1889
3912 	 3522 	 37
3911 	 3523 	 1894
3912 	 3523 	 816
3912 	 3524 	 742
3912 	 3525 	 2331
3912 	 3526 	 1041
3912 	 3527 	 717
3913 	 3527 	 1787
3913 	 3528 	 897
3913 	 3529 	 744
3913 	 3530 	 467
3913 	 3531 	 265
3914 	 3531 	 311
3914 	 3532 	 1133
3914 	 3533 	 1436
3914 	 3534 	 670
3914 	 3535 	 356
3915 	 3535 	 459
3915 	 3536 	 1472
3915 	 3537 	 1000
3915 	 3538 	 1110
3915 	 3539 	 1070
3916 	 3539 	 593
3916 	 3540 	 1015
3916 	 3541 	 2294
3916 	 3542 	 2658
3916 	 3543 	 506
3917 	 3543 	 535
3917 	 3544 	 721
3917 	 3545 	 670
3917 	 3546 	 468
3917 	 3547 	 1306
3918 	 3547 	 2070
3918 	 3548 	 1936
3918 	 3549 	 964
3918 	 3550 	 1011
3918 	 3551 	 297
3919 	 3551 	 472
3919 	 3552 	 1482
3919 	 3553 	 765
3919 	 3554 	 620
3919 	 3555 	 570
3920 	 3555 	 357
3920 	 3556 	 678
3920 	 3557 	 915
3920 	 3558 	 2398
3920 	 3559 	 679
3921 	 3559 	 400
3921 	 3560 	 594
3921 	 3561 	 3979
3921 	 3562 	 2852
3921 	 3563 	 362
3922 	 3563 	 534
3922 	 3564 	 6294
3922 	 3565 	 1020
3922 	 3566 	 1002
3922 	 3567 	 377
3923 	 3567 	 887
3923 	 3568 	 1040
3923 	 3569 	 677
3923 	 3570 	 46
3880 	 3371 	 59
 number of pixels in the cluster =  677


