
1 	 49397556 	 
2 	 1593412 	 
3 	 157773 	 
4 	 129339 	 
5 	 111399 	 
6 	 118451 	 
7 	 116010 	 
8 	 103488 	 
9 	 90398 	 
10 	 75229 	 
11 	 62489 	 
12 	 54885 	 
13 	 47116 	 
14 	 40015 	 
15 	 33675 	 
16 	 29051 	 
17 	 24445 	 
18 	 20966 	 
19 	 18007 	 
20 	 15636 	 
21 	 13663 	 
22 	 11847 	 
23 	 10293 	 
24 	 9034 	 
25 	 8098 	 
26 	 7133 	 
27 	 6348 	 
28 	 5677 	 
29 	 5010 	 
30 	 4639 	 
31 	 4225 	 
32 	 3736 	 
33 	 3456 	 
34 	 3166 	 
35 	 2913 	 
36 	 2629 	 
37 	 2462 	 
38 	 2231 	 
39 	 2056 	 
40 	 1906 	 
41 	 1726 	 
42 	 1537 	 
43 	 1563 	 
44 	 1378 	 
45 	 1288 	 
46 	 1193 	 
47 	 1092 	 
48 	 1075 	 
49 	 955 	 
50 	 922 	 
51 	 836 	 
52 	 794 	 
53 	 774 	 
54 	 692 	 
55 	 686 	 
56 	 648 	 
57 	 608 	 
58 	 536 	 
59 	 502 	 
60 	 458 	 
61 	 466 	 
62 	 441 	 
63 	 416 	 
64 	 392 	 
65 	 376 	 
66 	 368 	 
67 	 358 	 
68 	 299 	 
69 	 328 	 
70 	 271 	 
71 	 272 	 
72 	 249 	 
73 	 246 	 
74 	 266 	 
75 	 250 	 
76 	 246 	 
77 	 194 	 
78 	 202 	 
79 	 178 	 
80 	 182 	 
81 	 178 	 
82 	 178 	 
83 	 170 	 
84 	 173 	 
85 	 170 	 
86 	 139 	 
87 	 120 	 
88 	 130 	 
89 	 128 	 
90 	 115 	 
91 	 119 	 
92 	 117 	 
93 	 126 	 
94 	 121 	 
95 	 117 	 
96 	 126 	 
97 	 89 	 
98 	 84 	 
99 	 99 	 
100 	 102 	 
101 	 83 	 
102 	 76 	 
103 	 65 	 
104 	 80 	 
105 	 81 	 
106 	 72 	 
107 	 72 	 
108 	 62 	 
109 	 70 	 
110 	 72 	 
111 	 72 	 
112 	 45 	 
113 	 57 	 
114 	 53 	 
115 	 65 	 
116 	 47 	 
117 	 59 	 
118 	 61 	 
119 	 41 	 
120 	 53 	 
121 	 57 	 
122 	 40 	 
123 	 35 	 
124 	 32 	 
125 	 38 	 
126 	 44 	 
127 	 47 	 
128 	 36 	 
129 	 31 	 
130 	 28 	 
131 	 33 	 
132 	 26 	 
133 	 31 	 
134 	 40 	 
135 	 42 	 
136 	 37 	 
137 	 35 	 
138 	 31 	 
139 	 18 	 
140 	 31 	 
141 	 17 	 
142 	 22 	 
143 	 38 	 
144 	 26 	 
145 	 28 	 
146 	 27 	 
147 	 21 	 
148 	 18 	 
149 	 23 	 
150 	 27 	 
151 	 18 	 
152 	 30 	 
153 	 16 	 
154 	 30 	 
155 	 25 	 
156 	 26 	 
157 	 23 	 
158 	 24 	 
159 	 18 	 
160 	 15 	 
161 	 24 	 
162 	 16 	 
163 	 25 	 
164 	 15 	 
165 	 12 	 
166 	 15 	 
167 	 20 	 
168 	 25 	 
169 	 17 	 
170 	 17 	 
171 	 8 	 
172 	 18 	 
173 	 13 	 
174 	 13 	 
175 	 10 	 
176 	 22 	 
177 	 20 	 
178 	 14 	 
179 	 12 	 
180 	 12 	 
181 	 9 	 
182 	 16 	 
183 	 10 	 
184 	 13 	 
185 	 14 	 
186 	 10 	 
187 	 15 	 
188 	 11 	 
189 	 17 	 
190 	 11 	 
191 	 15 	 
192 	 16 	 
193 	 6 	 
194 	 15 	 
195 	 10 	 
196 	 15 	 
197 	 11 	 
198 	 10 	 
199 	 7 	 
200 	 6 	 
201 	 10 	 
202 	 12 	 
203 	 4 	 
204 	 10 	 
205 	 4 	 
206 	 9 	 
207 	 17 	 
208 	 8 	 
209 	 12 	 
210 	 12 	 
211 	 5 	 
212 	 8 	 
213 	 8 	 
214 	 10 	 
215 	 6 	 
216 	 8 	 
217 	 5 	 
218 	 5 	 
219 	 5 	 
220 	 12 	 
221 	 6 	 
222 	 9 	 
223 	 12 	 
224 	 3 	 
225 	 8 	 
226 	 5 	 
227 	 4 	 
228 	 7 	 
229 	 6 	 
230 	 4 	 
231 	 5 	 
232 	 8 	 
233 	 2 	 
234 	 9 	 
235 	 9 	 
236 	 8 	 
237 	 7 	 
238 	 7 	 
239 	 7 	 
240 	 6 	 
241 	 6 	 
242 	 10 	 
243 	 7 	 
244 	 3 	 
245 	 4 	 
246 	 5 	 
247 	 10 	 
248 	 3 	 
249 	 6 	 
250 	 5 	 
251 	 5 	 
252 	 7 	 
253 	 1 	 
254 	 8 	 
255 	 4 	 
256 	 4 	 
257 	 1 	 
258 	 4 	 
259 	 1 	 
260 	 6 	 
261 	 7 	 
262 	 4 	 
263 	 2 	 
264 	 4 	 
265 	 3 	 
266 	 4 	 
267 	 5 	 
268 	 3 	 
269 	 2 	 
270 	 5 	 
271 	 2 	 
272 	 5 	 
273 	 5 	 
274 	 6 	 
275 	 4 	 
276 	 5 	 
277 	 4 	 
278 	 3 	 
279 	 2 	 
280 	 3 	 
281 	 5 	 
282 	 4 	 
283 	 4 	 
284 	 4 	 
285 	 2 	 
286 	 6 	 
287 	 3 	 
288 	 3 	 
289 	 4 	 
290 	 2 	 
291 	 4 	 
292 	 1 	 
293 	 3 	 
294 	 4 	 
295 	 2 	 
296 	 3 	 
297 	 2 	 
299 	 5 	 
300 	 4 	 
301 	 2 	 
302 	 4 	 
303 	 2 	 
304 	 2 	 
305 	 4 	 
306 	 2 	 
307 	 5 	 
308 	 2 	 
309 	 6 	 
310 	 1 	 
311 	 4 	 
312 	 3 	 
313 	 2 	 
314 	 2 	 
315 	 3 	 
316 	 7 	 
317 	 1 	 
318 	 1 	 
319 	 1 	 
320 	 2 	 
321 	 4 	 
322 	 2 	 
324 	 3 	 
325 	 4 	 
326 	 2 	 
327 	 2 	 
328 	 2 	 
329 	 1 	 
330 	 1 	 
332 	 3 	 
334 	 3 	 
335 	 1 	 
337 	 2 	 
338 	 1 	 
339 	 2 	 
340 	 1 	 
341 	 3 	 
342 	 1 	 
343 	 4 	 
344 	 3 	 
345 	 5 	 
346 	 2 	 
347 	 1 	 
348 	 1 	 
349 	 1 	 
350 	 2 	 
351 	 2 	 
353 	 1 	 
354 	 1 	 
355 	 1 	 
356 	 1 	 
357 	 2 	 
358 	 2 	 
360 	 1 	 
361 	 3 	 
362 	 3 	 
363 	 2 	 
364 	 3 	 
365 	 2 	 
366 	 3 	 
367 	 2 	 
368 	 2 	 
369 	 2 	 
370 	 1 	 
371 	 4 	 
372 	 1 	 
373 	 4 	 
375 	 1 	 
376 	 2 	 
377 	 1 	 
378 	 1 	 
379 	 1 	 
381 	 3 	 
382 	 1 	 
383 	 1 	 
385 	 1 	 
387 	 1 	 
388 	 1 	 
389 	 1 	 
390 	 1 	 
391 	 2 	 
392 	 2 	 
393 	 2 	 
394 	 1 	 
395 	 3 	 
396 	 6 	 
399 	 4 	 
400 	 2 	 
401 	 1 	 
402 	 1 	 
405 	 2 	 
406 	 1 	 
407 	 2 	 
408 	 1 	 
409 	 3 	 
410 	 4 	 
414 	 1 	 
416 	 4 	 
417 	 2 	 
418 	 1 	 
419 	 2 	 
420 	 2 	 
422 	 1 	 
423 	 3 	 
424 	 1 	 
429 	 1 	 
431 	 2 	 
432 	 1 	 
433 	 1 	 
434 	 2 	 
436 	 1 	 
439 	 3 	 
440 	 1 	 
441 	 1 	 
450 	 2 	 
451 	 2 	 
453 	 2 	 
454 	 1 	 
457 	 1 	 
458 	 1 	 
459 	 1 	 
460 	 3 	 
463 	 1 	 
465 	 1 	 
466 	 2 	 
470 	 3 	 
471 	 1 	 
473 	 1 	 
474 	 1 	 
475 	 1 	 
477 	 2 	 
479 	 1 	 
483 	 1 	 
487 	 1 	 
490 	 1 	 
491 	 2 	 
494 	 1 	 
495 	 2 	 
500 	 1 	 
501 	 1 	 
503 	 1 	 
507 	 1 	 
508 	 2 	 
511 	 1 	 
512 	 2 	 
515 	 1 	 
516 	 1 	 
521 	 2 	 
522 	 1 	 
525 	 1 	 
533 	 1 	 
536 	 1 	 
541 	 1 	 
542 	 1 	 
545 	 1 	 
546 	 2 	 
548 	 1 	 
556 	 1 	 
561 	 1 	 
563 	 2 	 
564 	 1 	 
566 	 1 	 
569 	 1 	 
570 	 1 	 
575 	 1 	 
579 	 1 	 
584 	 1 	 
585 	 1 	 
586 	 1 	 
594 	 1 	 
596 	 1 	 
601 	 1 	 
605 	 1 	 
606 	 1 	 
610 	 1 	 
612 	 1 	 
616 	 1 	 
618 	 1 	 
620 	 1 	 
625 	 1 	 
629 	 1 	 
632 	 1 	 
634 	 1 	 
638 	 1 	 
640 	 1 	 
646 	 1 	 
654 	 1 	 
658 	 1 	 
675 	 1 	 
677 	 3 	 
679 	 1 	 
686 	 1 	 
687 	 1 	 
688 	 1 	 
691 	 1 	 
696 	 1 	 
697 	 3 	 
698 	 3 	 
699 	 2 	 
700 	 2 	 
701 	 1 	 
702 	 1 	 
703 	 3 	 
704 	 1 	 
705 	 1 	 
708 	 2 	 
711 	 2 	 
713 	 2 	 
714 	 1 	 
715 	 1 	 
719 	 1 	 
720 	 1 	 
723 	 1 	 
726 	 1 	 
728 	 1 	 
735 	 1 	 
743 	 1 	 
751 	 1 	 
757 	 1 	 
786 	 1 	 
789 	 1 	 
790 	 1 	 
793 	 1 	 
800 	 1 	 
804 	 2 	 
829 	 1 	 
838 	 1 	 
855 	 1 	 
871 	 1 	 
877 	 1 	 
881 	 1 	 
892 	 1 	 
903 	 1 	 
910 	 1 	 
930 	 1 	 
931 	 1 	 
937 	 1 	 
939 	 1 	 
948 	 1 	 
949 	 2 	 
950 	 1 	 
953 	 1 	 
955 	 1 	 
956 	 3 	 
957 	 1 	 
958 	 1 	 
959 	 1 	 
960 	 3 	 
961 	 1 	 
967 	 1 	 
968 	 1 	 
974 	 1 	 
976 	 1 	 
977 	 1 	 
981 	 1 	 
982 	 1 	 
993 	 1 	 
994 	 1 	 
1034 	 1 	 
1036 	 1 	 
1066 	 1 	 
1116 	 1 	 
1125 	 1 	 
1167 	 1 	 
1170 	 1 	 
1303 	 1 	 
1432 	 1 	 
1640 	 1 	 

1 49397556 	 2 1593412 	 3 157773 	 1640 1
 total number of clusters in the input file =  52381734

 input data file: /Volumes/Untitled/run1_20171205
 python script: cluster_hist.py
